328
19
6693
1236
25
62
30
41
79
89
103
42
249
314
221
95
18
32
25
27
75
25
32
21
1287
231
249
170
172
86
43
55
49
354
2309
29
109
340
41
173
52
30
37
64
28
165
276
82
340
62
39
30
29
27
88
83
33
16
69
25
31
6
25
52
39
20
2080
59
286
89
72
68
561
146
307
23
80
28
43
37
18
46
42
31
55
41
16
14
42
785
1031
18
385
128
173
83
30
302
233
127
25
160
156
496
219
63
50
63
51
23
68
7688
707
1204
21
51
79
11
200
146
80
36
18
50
182
22
194
66
83
38
22
2015
857
146
108
28
73
118
63
24
74
45
38
65
232
46
65
7
147
15
42
91
36
64
27
27
33
10
13
68
23
39
23
5
118
16
10
66
21
72
51
32
33797
1219
144
186
222
354
5
38
17
13
90
87
204
58
152
42
28
15
1
472
177
887
131
703
594
26
96
169
65
508
315
24
160
2203
886
15
626
51
39
49
58
50
29
45
28654
2727
107
54
52
23
131
188
222
98
163
136
79
54
137
47
211
201
86
50
71
80
75
281
40
47
47
18
18
50
30
56
185
78
25
56
71
39
130
17
122
60
149
143
87
28
26
38
94
37
8
23
16
15
20
46
20009
1058
175
92
116
92
206
205
71
96
195
6203
2729
64
112
523
47
88
92
469
83
125
934
439
34
173
14
16
60
188
130
176
81
46
202
119
56
67
58
101
29
1095
135
501
12
67
20
28
46
98
69
56
42
25
37
36
29
5494

0	723	417	132	400	349	163	629	298	634	583	617	442	598	661	646	749	629	622	
108	831	525	170	508	386	272	738	406	742	691	725	527	706	769	754	857	737	730	
130	774	543	262	526	479	289	755	424	760	709	743	568	724	721	772	875	755	748	
142	750	555	274	538	491	301	767	436	772	721	755	580	736	697	770	887	767	760	
159	882	576	291	559	508	323	789	457	793	742	776	601	757	821	806	908	788	781	
140	863	557	272	540	489	304	769	438	774	723	757	582	738	801	786	889	769	762	
136	860	553	198	537	414	300	766	435	770	719	753	556	735	798	783	885	765	759	
64	787	481	127	464	343	227	693	362	697	647	681	485	662	725	710	812	692	686	
58	777	471	190	454	407	217	683	352	688	637	671	496	652	715	700	803	683	676	
100	777	513	232	496	449	259	725	394	730	679	713	538	694	724	742	845	725	718	
59	693	387	191	370	407	133	599	268	603	553	587	411	568	631	616	718	598	592	
49	768	461	181	445	397	208	674	343	678	627	661	486	643	706	691	793	673	667	
96	745	509	228	492	445	256	722	390	726	675	709	534	690	692	739	841	721	714	
31	754	448	163	431	380	195	661	329	665	614	648	473	629	692	677	780	660	653	
164	887	581	226	564	442	327	793	462	798	747	781	583	762	825	810	913	793	786	
170	778	583	302	566	518	329	795	464	799	749	783	607	764	725	798	914	795	788	
209	757	580	341	563	558	361	792	473	797	746	780	639	761	704	777	912	792	781	
181	729	581	313	563	530	341	793	473	778	747	780	619	761	676	750	912	792	754	
91	814	508	155	491	371	255	721	389	725	674	708	512	689	753	738	840	720	714	
87	742	436	157	419	326	169	648	317	652	601	635	430	617	680	665	767	647	641	
69	792	486	201	469	418	233	699	367	703	652	686	511	667	731	716	818	698	692	
37	704	398	169	381	386	145	610	279	615	564	598	423	579	642	627	730	610	603	
723	0	380	788	323	737	572	201	425	173	291	177	533	168	198	144	353	483	149	
808	85	465	873	408	822	657	286	510	258	376	262	618	253	283	229	438	567	234	
881	157	538	946	480	894	730	358	582	331	448	334	690	325	356	301	510	640	307	
789	66	446	854	389	803	638	267	491	239	357	243	599	234	264	210	419	549	215	
822	177	557	890	494	914	674	378	544	350	467	353	710	345	332	321	530	659	326	
832	108	489	897	431	845	681	309	533	282	399	285	641	276	307	252	461	591	257	
657	72	314	722	257	671	506	135	359	107	225	111	467	102	138	78	287	417	83	
775	64	444	840	378	801	624	265	480	237	354	240	597	232	220	208	417	546	213	
799	76	456	864	399	813	648	277	501	249	367	253	609	244	274	220	429	558	225	
675	48	332	740	275	689	524	153	377	125	243	129	485	120	156	96	305	435	101	
417	380	0	482	127	369	266	250	119	291	166	274	165	237	358	303	332	221	279	
406	409	71	471	89	440	255	279	108	319	195	303	236	266	350	332	360	292	308	
415	479	99	455	219	337	251	349	128	390	265	373	133	336	457	402	430	311	378	
444	404	37	509	164	378	293	274	146	315	190	298	174	261	382	327	319	185	303	
546	448	139	560	266	406	395	318	248	358	203	342	202	305	426	371	277	143	347	
510	424	103	575	230	442	359	294	212	334	179	318	238	281	402	347	253	119	323	
516	289	99	581	146	455	365	159	217	200	109	183	251	146	267	212	275	270	188	
458	443	76	486	203	333	307	314	160	354	229	337	129	300	422	367	395	269	343	
417	437	57	482	184	379	266	307	119	347	223	331	175	294	415	360	388	268	336	
396	402	21	461	148	378	245	272	98	312	187	295	174	259	380	325	353	233	301	
481	367	65	546	192	415	330	238	183	278	153	261	211	224	346	291	319	268	267	
434	381	42	499	85	412	283	251	136	291	166	274	208	238	346	304	332	264	280	
496	471	103	475	230	322	345	341	197	381	256	365	118	328	449	394	416	282	370	
456	432	64	496	191	343	305	302	158	342	217	325	139	289	410	355	383	257	331	
480	317	63	545	148	420	329	187	182	227	103	211	216	174	295	240	268	238	216	
311	539	158	351	240	345	147	409	149	449	324	432	187	396	501	462	490	370	438	
436	500	120	470	240	316	273	371	149	411	286	394	112	357	478	424	452	332	399	
403	423	42	468	170	387	252	293	105	333	208	316	183	280	401	346	374	254	322	
528	430	121	578	248	424	377	300	230	340	185	324	220	287	408	353	259	125	329	
462	352	71	527	113	440	311	223	164	263	138	246	236	209	330	276	304	273	251	
486	465	98	458	225	304	329	336	188	376	251	359	100	322	443	389	417	291	364	
522	275	105	587	160	462	371	145	224	185	95	169	258	132	253	198	261	256	174	
466	350	49	531	176	405	315	220	167	261	136	244	201	207	328	273	302	257	249	
547	264	130	612	180	487	396	134	249	175	70	158	283	121	242	187	240	261	163	
477	452	84	533	211	379	326	322	178	362	237	346	175	309	430	375	344	210	351	
387	507	127	428	246	365	224	377	156	417	293	401	161	364	485	430	458	338	406	
479	454	87	494	214	340	328	325	181	365	240	348	136	311	432	378	397	263	353	
438	458	78	503	205	358	287	328	140	368	244	352	154	315	436	381	409	289	357	
438	413	45	478	172	324	287	283	140	323	199	307	120	270	391	336	364	239	312	
475	539	159	448	279	327	312	410	189	450	325	433	135	396	517	463	491	371	438	
452	427	59	517	186	368	301	297	153	337	212	321	164	284	405	350	369	235	326	
325	553	172	347	254	330	161	423	164	463	338	446	173	410	515	476	504	384	452	
132	788	482	0	465	217	216	694	363	699	648	682	358	663	726	711	799	635	687	
114	806	500	18	483	235	234	712	381	717	666	700	376	681	744	729	817	653	705	
213	822	456	81	499	135	249	698	397	732	614	715	295	685	760	745	737	572	721	
162	758	452	30	435	199	186	664	333	669	618	652	340	633	696	681	781	617	657	
167	710	404	78	387	247	138	616	285	621	570	604	388	585	648	633	736	616	609	
220	876	570	88	553	304	304	782	451	786	736	770	445	751	814	799	887	722	775	
78	801	495	54	478	271	241	707	376	712	661	695	412	676	739	724	827	689	700	
142	865	559	82	542	299	298	772	440	776	725	759	440	740	804	789	881	717	764	
216	872	566	84	549	301	300	778	447	783	732	766	442	747	810	795	883	719	771	
266	922	602	134	599	233	350	829	497	833	756	816	437	797	861	846	879	714	821	
124	847	541	64	524	280	280	753	422	757	707	741	421	722	785	770	863	698	746	
199	788	482	67	465	235	216	694	363	699	648	682	377	663	726	711	814	654	687	
217	821	450	85	502	150	253	692	400	732	607	715	288	678	763	745	730	566	721	
225	833	468	93	510	123	261	710	408	744	626	727	307	697	772	757	748	584	733	
174	831	525	42	508	259	258	737	406	741	690	724	400	706	769	754	842	677	730	
246	777	405	114	487	154	281	647	397	687	563	671	244	634	748	700	685	521	676	
157	801	495	25	478	229	229	707	376	711	661	695	370	676	739	724	812	647	700	
217	873	567	85	550	282	301	779	448	783	733	767	442	748	811	796	884	720	772	
163	795	489	31	472	223	223	701	370	705	655	689	364	670	733	718	806	641	694	
174	831	525	42	508	259	258	737	406	741	690	724	400	706	769	754	842	677	730	
287	944	623	155	621	254	371	850	519	854	777	837	458	819	882	867	900	735	843	
246	854	489	114	531	168	282	731	429	765	647	748	328	718	793	778	769	605	754	
171	768	461	39	445	208	195	674	343	678	627	661	349	643	706	691	790	626	667	
400	323	127	465	0	496	249	229	102	233	241	217	292	198	261	246	356	349	222	
506	307	233	571	106	602	355	265	208	260	328	244	398	234	169	270	402	454	246	
493	313	162	558	93	518	342	219	195	223	188	207	314	188	254	236	346	336	212	
466	257	162	531	66	519	315	163	168	167	175	151	315	132	198	180	290	337	156	
450	372	177	515	49	546	299	279	151	283	291	266	342	247	254	296	405	398	272	
458	423	254	523	127	620	307	356	168	360	368	343	416	325	285	373	482	475	349	
477	416	256	542	129	626	326	358	195	363	370	346	422	327	281	375	485	478	351	
364	359	163	429	36	518	213	265	66	269	277	253	314	234	297	282	392	385	258	
486	383	244	551	117	614	335	341	196	336	358	320	410	310	245	346	473	466	322	
436	287	163	501	36	532	285	193	138	197	205	181	328	162	228	210	320	367	186	
421	344	106	486	21	475	270	250	123	255	230	238	271	219	282	267	377	327	243	
410	372	177	475	49	546	259	279	112	283	291	266	342	247	311	296	405	398	272	
443	365	85	508	42	454	292	272	144	276	209	259	250	240	304	289	374	306	264	
524	255	159	590	124	516	374	161	226	166	169	149	312	130	217	178	288	330	154	
509	298	120	574	108	477	358	197	210	208	146	191	273	173	240	221	312	294	197	
457	342	184	522	57	553	306	276	159	281	288	264	349	245	205	293	403	405	269	
457	296	184	522	57	553	306	230	159	234	242	218	349	199	205	247	357	404	223	
564	261	291	629	164	660	413	323	266	309	386	302	456	292	199	281	460	512	285	
513	240	212	578	113	568	362	194	215	190	225	173	364	163	148	199	331	386	175	
548	251	275	614	148	645	398	307	250	299	370	286	441	276	113	271	444	497	275	
532	337	263	597	136	632	381	295	238	290	358	273	428	264	199	300	432	484	276	
443	375	94	508	52	463	292	281	145	285	218	268	259	250	313	298	383	315	274	
349	737	369	217	496	0	379	607	464	647	523	631	204	594	715	660	646	481	636	
289	797	429	157	548	60	325	667	458	707	583	691	264	654	775	720	706	541	696	
384	772	405	252	532	35	414	643	499	683	558	666	239	629	750	696	681	516	671	
301	935	567	169	635	198	385	805	533	845	720	828	402	792	896	858	843	679	834	
283	803	435	151	554	66	319	673	464	713	589	697	270	660	781	726	712	547	702	
379	857	489	247	616	120	448	727	584	767	643	751	324	714	835	780	766	601	756	
344	892	525	212	652	155	428	763	575	803	678	786	359	749	870	816	801	636	791	
436	668	301	304	428	87	377	538	395	579	454	562	135	525	646	591	577	412	567	
382	716	349	250	476	33	412	586	443	627	502	610	183	573	694	639	625	460	615	
414	822	454	282	581	85	463	692	548	732	607	716	289	679	800	745	730	566	721	
288	763	391	156	473	112	267	633	382	673	549	657	230	620	734	686	671	507	662	
283	758	386	151	468	135	262	628	378	668	544	652	225	615	729	681	666	502	657	
259	827	459	127	544	90	295	697	442	737	613	721	294	684	805	750	736	571	726	
406	698	331	274	458	57	407	568	425	609	484	592	165	555	676	621	607	442	597	
374	797	426	242	507	155	302	668	417	708	583	691	264	654	769	721	706	542	697	
319	767	399	187	526	30	349	637	464	677	553	661	234	624	745	690	676	511	666	
265	821	453	133	550	84	301	691	448	731	607	715	288	678	799	744	730	565	720	
309	784	412	177	494	90	288	654	404	694	570	678	251	641	755	707	693	528	683	
253	833	465	121	538	96	289	703	436	743	619	727	300	690	799	756	742	577	732	
346	821	449	214	531	127	325	691	441	731	607	715	288	678	792	744	729	565	720	
163	572	266	216	249	379	0	478	147	483	432	466	278	447	510	495	598	478	471	
112	611	305	208	288	376	51	517	186	521	471	505	329	486	549	534	636	517	510	
254	689	370	255	366	239	140	595	264	599	534	582	216	564	627	612	657	493	588	
205	583	264	245	260	359	41	489	158	493	430	477	258	458	521	506	596	476	482	
135	751	445	267	428	484	191	657	326	661	611	645	469	626	689	674	776	656	650	
263	656	337	270	333	290	107	562	231	566	503	549	260	531	594	579	669	537	555	
163	633	327	169	310	330	61	540	208	544	493	527	307	508	572	557	659	539	532	
237	707	401	205	384	374	135	613	282	618	567	601	381	582	645	630	733	613	606	
249	634	316	287	311	311	86	541	209	545	482	528	239	509	573	558	647	516	533	
170	678	371	129	355	298	105	584	253	588	537	571	366	553	616	601	703	583	577	
226	692	374	233	369	267	125	599	267	603	540	586	244	567	631	616	685	521	592	
219	583	264	259	260	345	55	489	158	493	430	477	244	458	521	506	596	476	482	
216	724	418	169	401	337	151	630	299	634	583	617	412	599	662	647	749	629	623	
134	645	339	173	322	342	75	551	220	556	505	539	336	520	583	568	671	551	544	
144	690	384	275	367	443	131	597	265	601	550	584	409	565	629	614	716	596	589	
275	660	342	283	337	267	112	567	235	571	508	554	244	535	599	584	673	521	560	
263	649	295	302	326	354	100	545	224	559	461	542	197	524	587	572	626	474	548	
226	611	292	264	288	316	63	517	186	521	458	505	216	486	549	534	624	493	510	
192	739	433	323	416	492	179	645	314	649	598	632	457	614	677	662	764	644	638	
216	724	418	132	401	300	151	630	299	634	583	617	412	599	662	647	749	629	623	
196	527	221	261	204	424	45	433	102	437	387	421	323	402	465	450	552	433	426	
194	693	387	171	370	340	120	599	268	603	552	586	381	568	631	616	718	598	592	
282	567	187	323	268	373	119	437	178	477	353	461	216	424	529	490	518	398	466	
97	644	338	229	321	397	85	550	219	555	504	538	363	519	582	567	670	550	543	
184	592	286	224	269	359	20	499	167	503	452	486	258	467	531	516	618	498	491	
209	680	374	216	357	321	108	586	255	590	540	574	298	555	618	603	705	575	579	
172	671	365	164	348	332	99	577	246	581	531	565	359	546	609	594	696	576	570	
217	770	464	85	447	254	198	676	345	680	630	664	395	645	708	693	795	672	669	
67	674	368	199	351	416	115	580	249	585	534	568	393	549	612	597	700	580	573	
212	682	376	218	359	337	110	588	257	593	542	576	314	557	620	605	708	588	581	
115	714	408	130	391	298	142	620	289	624	574	608	402	589	652	637	739	620	613	
170	650	344	138	327	307	78	556	225	561	510	544	339	525	588	573	676	556	549	
307	634	254	348	335	440	144	504	245	545	420	528	283	491	597	557	585	466	533	
109	632	326	217	309	385	73	538	207	543	492	526	351	507	570	555	658	538	531	
214	623	317	234	300	347	51	529	198	533	483	517	246	498	561	546	648	523	522	
214	623	317	252	300	347	51	529	198	533	483	517	246	498	561	546	648	523	522	
258	538	232	323	215	485	107	444	125	448	398	432	373	413	476	461	564	444	437	
209	679	373	215	356	377	107	586	254	590	539	573	354	554	618	603	705	585	579	
186	596	290	192	273	361	24	502	171	507	456	490	290	471	534	519	622	502	495	
198	705	399	150	382	319	133	611	280	616	565	599	393	580	643	628	731	611	604	
164	644	338	144	321	313	72	550	219	555	504	538	333	519	582	567	670	550	543	
629	201	250	694	229	607	478	0	331	75	149	47	403	33	194	122	187	341	98	
298	425	119	363	102	464	147	331	0	335	285	319	260	300	363	348	450	331	324	
329	458	112	394	135	429	178	362	39	368	278	351	225	333	396	381	443	323	357	
353	496	116	394	198	387	190	366	107	407	282	390	211	353	459	419	448	328	395	
288	502	196	337	179	436	133	408	77	412	361	395	332	377	440	425	527	407	401	
394	422	211	459	99	555	243	328	103	332	340	316	351	297	331	345	455	422	321	
347	414	156	412	91	501	196	320	49	324	291	307	297	289	352	337	446	367	313	
366	450	183	431	127	528	215	356	76	360	349	343	324	325	359	373	482	395	349	
404	436	225	469	113	569	253	342	117	346	354	330	365	311	345	359	469	436	335	
251	573	267	292	250	391	88	479	148	483	433	467	291	448	511	496	598	479	472	
328	395	137	393	72	482	177	301	30	305	272	289	278	270	333	318	428	349	294	
326	441	103	391	118	447	175	347	28	351	269	335	243	316	379	364	434	314	340	
356	456	75	421	148	426	205	326	58	366	241	349	222	313	409	379	407	287	355	
270	536	229	311	213	410	107	442	111	446	395	429	310	411	474	459	561	441	435	
370	461	81	429	162	394	219	331	72	371	247	355	190	318	423	384	412	292	360	
332	517	137	372	219	366	168	388	128	428	303	411	209	374	480	441	469	349	416	
254	533	227	295	210	394	91	440	108	444	393	427	293	408	472	457	559	439	432	
232	491	185	297	168	436	81	397	66	401	351	385	321	366	429	414	516	397	390	
634	173	291	699	233	647	483	75	335	0	201	29	443	71	190	95	263	393	71	
626	223	235	691	225	592	475	81	327	134	106	117	388	80	201	146	138	297	122	
538	185	219	603	138	575	387	91	240	95	163	79	371	60	147	108	228	355	84	
606	193	227	671	206	584	455	51	308	104	98	87	380	50	171	116	168	289	92	
541	218	204	606	141	561	390	88	243	129	149	112	357	75	186	141	225	341	117	
633	90	290	698	233	647	482	111	335	83	201	87	443	78	114	54	263	393	59	
508	215	189	573	108	545	357	121	210	125	133	109	341	90	177	138	248	325	114	
721	281	352	786	321	709	570	101	423	133	250	104	505	134	277	177	240	423	145	
745	295	375	810	344	732	594	125	446	156	248	128	528	158	301	172	216	401	169	
666	127	323	731	266	680	515	144	368	117	234	120	476	111	154	57	296	426	80	
598	155	295	663	198	652	447	131	300	126	205	109	448	100	64	119	268	397	112	
581	156	238	646	181	595	430	74	283	70	149	53	391	43	120	79	211	341	55	
590	221	199	655	189	556	439	80	291	132	70	115	352	78	199	145	174	261	120	
570	212	268	635	169	625	419	138	271	133	213	117	421	107	120	143	275	404	119	
692	279	313	757	292	670	541	103	394	135	185	106	466	136	257	185	178	350	147	
583	291	166	648	241	523	432	149	285	201	0	185	319	148	269	214	171	201	190	
593	243	202	658	193	559	442	101	295	153	48	136	355	100	221	166	163	240	142	
579	380	162	644	247	518	428	238	281	290	99	274	314	237	358	303	253	213	279	
678	321	261	743	285	617	527	155	380	230	100	202	413	178	299	244	85	205	220	
544	390	137	609	245	465	393	260	246	300	145	284	261	247	368	313	274	141	289	
634	356	216	693	301	540	483	214	335	266	74	249	336	213	334	279	163	127	255	
549	362	132	614	217	489	398	232	251	272	143	255	285	219	340	285	297	169	261	
581	389	174	646	282	501	430	247	283	300	108	283	297	246	367	312	237	174	288	
578	411	171	643	298	499	427	269	280	321	130	305	295	268	389	334	209	119	310	
597	392	189	662	316	517	446	251	299	303	111	286	313	249	371	316	200	137	292	
615	374	208	680	320	536	464	232	317	284	93	268	332	231	352	297	182	146	273	
617	177	274	682	217	631	466	47	319	29	185	0	427	47	173	98	234	376	74	
442	533	165	358	292	204	278	403	260	443	319	427	0	390	511	456	442	277	432	
512	660	292	380	419	163	394	530	386	570	445	553	151	517	638	583	547	382	559	
339	623	243	276	325	260	175	493	234	534	409	517	131	480	586	546	573	408	522	
396	679	311	284	431	246	282	549	341	589	465	573	146	536	657	602	587	423	578	
320	701	330	208	411	191	206	572	321	612	487	595	168	558	673	625	610	446	601	
527	595	227	444	354	228	364	465	321	505	381	489	86	452	573	518	482	318	494	
339	664	292	227	374	210	225	534	284	574	450	558	131	521	635	587	573	408	563	
511	519	151	427	278	274	348	389	245	429	304	413	70	376	497	442	442	278	418	
493	630	262	361	389	145	339	500	356	540	415	523	97	487	608	553	538	374	529	
295	728	356	163	438	147	232	598	347	638	513	621	195	585	699	651	636	472	627	
530	535	168	446	295	292	366	406	262	446	321	429	88	392	513	459	424	259	434	
493	500	133	409	260	255	329	370	227	411	286	394	51	357	478	423	452	304	399	
484	525	157	400	284	247	321	395	251	435	310	419	43	382	503	448	434	269	424	
475	648	280	343	407	127	357	518	374	558	433	541	115	505	626	571	556	392	547	
360	652	271	248	353	232	204	522	262	562	437	545	152	509	614	575	594	429	551	
549	623	255	417	382	200	392	493	349	533	408	516	114	480	601	546	510	345	522	
468	535	167	384	294	230	304	405	262	446	321	429	26	392	513	458	415	251	434	
478	508	140	427	267	274	315	378	192	418	293	401	70	365	486	431	459	334	407	
353	637	257	262	339	246	190	508	248	548	423	531	145	494	600	561	587	422	536	
601	669	301	517	428	320	438	539	395	579	454	563	160	526	647	592	542	378	568	
523	498	130	486	257	333	372	368	224	408	284	392	129	355	476	421	391	241	397	
518	586	218	434	345	237	355	456	312	496	371	479	77	443	564	509	473	309	485	
509	576	209	425	336	271	346	447	303	487	362	470	67	433	554	500	440	276	475	
516	492	124	436	251	283	357	362	218	402	277	385	79	349	470	415	443	315	391	
444	707	339	332	466	198	330	577	389	617	493	601	174	564	685	630	616	451	606	
384	638	270	271	397	255	262	508	321	548	424	532	105	495	616	561	546	382	537	
362	622	254	328	348	266	199	492	258	533	408	516	89	479	600	545	531	366	521	
386	626	258	330	371	261	222	496	281	536	412	520	93	483	604	549	535	370	525	
436	586	205	402	325	281	273	456	235	496	371	479	89	443	564	509	531	366	485	
332	616	236	297	318	278	168	486	227	527	402	510	110	473	579	539	551	387	515	
318	602	222	297	303	281	154	472	213	512	388	496	124	459	565	525	553	401	501	
491	558	190	407	317	253	327	428	285	468	344	452	49	415	536	481	455	290	457	
552	536	169	469	296	315	389	407	263	447	294	430	111	393	514	460	331	166	435	
390	594	227	355	354	253	227	465	281	505	380	488	61	451	572	518	503	338	493	
464	479	112	456	239	302	301	350	178	390	265	373	98	336	458	403	431	305	379	
537	604	236	453	363	299	373	474	331	515	390	498	95	461	582	527	468	304	503	
496	576	208	413	335	259	333	446	262	486	362	470	55	433	554	499	484	320	475	
489	556	189	405	316	251	325	427	283	467	342	450	47	413	534	480	394	230	455	
543	526	158	459	285	305	379	396	252	436	311	419	101	383	504	449	377	213	425	
517	584	216	433	343	279	353	454	311	494	370	478	75	441	562	507	422	258	483	
530	641	273	398	400	182	410	511	368	551	427	535	132	498	619	564	528	364	540	
564	632	264	481	391	283	401	502	358	542	418	526	123	489	610	555	505	341	531	
498	473	105	418	232	264	338	343	200	383	259	367	60	330	451	396	424	299	372	
311	692	321	199	402	182	197	562	312	603	478	586	159	549	663	615	601	436	591	
526	501	133	445	260	292	366	371	227	411	286	395	88	358	479	424	452	305	400	
297	744	372	165	454	149	248	614	363	654	530	638	211	601	715	667	652	488	643	
478	497	129	394	256	240	314	367	224	407	283	391	36	354	475	420	448	289	396	
466	509	141	382	268	228	302	379	236	419	295	403	24	366	487	432	442	277	408	
418	567	199	379	326	226	254	437	290	477	352	461	34	424	545	490	475	311	466	
399	604	236	365	363	263	236	474	290	514	389	497	71	461	582	527	512	348	503	
557	544	176	474	303	320	394	414	271	454	330	438	116	401	522	467	396	231	443	
445	558	190	370	317	217	282	428	284	468	343	451	25	415	536	481	466	302	457	
348	590	210	328	291	311	185	460	201	501	376	484	154	447	553	513	541	422	489	
348	673	302	236	383	220	234	543	293	584	459	567	140	530	644	596	582	417	572	
346	574	194	326	275	309	183	444	185	484	360	468	152	431	536	497	525	405	473	
598	168	237	663	198	594	447	33	300	71	148	47	390	0	163	89	210	340	65	
661	198	358	726	261	715	510	194	363	190	269	173	511	163	0	168	331	461	173	
780	191	531	848	404	900	632	371	502	343	461	346	696	338	241	315	523	652	319	
619	180	346	684	219	715	468	251	321	229	325	229	511	220	57	200	388	517	204	
697	157	413	762	297	770	546	234	399	206	324	210	566	201	135	178	386	515	182	
714	42	383	779	314	739	563	203	416	176	293	179	535	170	156	147	355	485	151	
669	169	430	734	303	800	518	270	388	243	360	246	596	237	141	214	422	552	218	
660	151	387	725	260	756	509	227	362	199	317	203	552	194	98	171	379	509	175	
725	113	473	790	345	842	574	312	444	285	402	288	638	279	183	256	464	594	260	
704	134	451	769	324	821	553	291	423	264	381	267	617	258	162	235	443	573	239	
619	156	316	684	219	673	468	152	321	147	227	131	469	121	42	126	289	418	130	
646	144	303	711	246	660	495	122	348	95	214	98	456	89	168	0	276	406	38	
677	187	334	742	277	691	526	153	379	126	245	129	487	120	211	64	297	437	69	
855	179	512	920	455	869	704	331	557	304	423	307	665	298	376	219	474	615	247	
829	106	486	894	429	843	678	307	531	279	397	283	639	274	304	205	459	588	233	
762	129	419	827	362	776	611	238	464	210	330	214	572	205	282	126	392	521	154	
783	221	440	848	383	797	632	259	485	231	351	235	593	226	316	170	390	543	175	
726	161	383	791	326	740	575	202	428	174	294	178	536	169	236	80	356	486	118	
811	222	468	876	411	825	660	287	513	260	379	263	621	254	345	198	419	571	203	
689	175	346	754	289	703	538	165	391	138	257	141	499	132	199	43	319	449	81	
760	87	417	825	360	774	609	238	462	210	328	214	570	205	248	151	390	520	174	
818	142	476	884	418	832	668	294	520	267	386	270	628	261	339	183	448	578	210	
749	353	332	799	356	646	598	187	450	263	171	234	442	210	331	276	0	191	252	
762	348	379	827	361	736	611	183	463	238	225	210	532	205	327	226	134	325	232	
790	377	408	855	390	764	639	211	492	267	254	238	560	234	355	255	162	353	260	
699	356	282	764	320	610	548	190	401	265	121	237	406	213	334	279	49	198	255	
724	345	307	778	331	624	573	179	426	255	146	226	420	202	323	268	49	212	244	
845	431	433	900	444	747	694	266	546	341	272	312	543	288	409	354	101	292	330	
814	419	397	865	422	711	663	253	516	328	237	300	507	276	397	342	66	256	318	
729	326	327	794	329	662	578	160	431	236	166	207	458	183	304	249	45	236	225	
708	306	318	774	308	675	558	140	410	215	164	187	471	163	284	229	85	275	205	
671	384	261	708	341	554	520	218	373	294	100	265	350	241	362	307	92	141	283	
650	405	243	686	362	533	499	239	352	315	121	286	329	262	383	328	113	120	304	
713	426	303	748	384	594	563	261	415	336	143	307	390	283	405	350	78	113	326	
660	257	269	725	260	626	509	91	362	167	115	138	422	114	235	180	96	268	156	
646	233	267	711	246	624	495	67	348	143	139	114	420	90	211	156	132	304	132	
688	275	306	753	288	663	537	109	390	185	152	156	459	132	253	198	133	305	174	
766	363	360	828	366	674	615	197	468	273	199	244	470	220	341	286	28	219	262	
754	341	372	819	354	729	603	175	456	251	218	222	525	198	319	264	85	275	240	
798	385	416	863	398	744	647	219	500	295	262	266	540	242	363	308	99	289	284	
712	299	330	777	312	687	561	133	414	209	176	180	483	156	277	222	127	317	198	
629	483	221	635	349	481	478	341	331	393	201	376	277	340	461	406	191	0	382	
678	492	271	684	398	531	527	326	380	402	208	373	327	349	470	415	143	49	391	
615	412	207	651	334	497	464	270	316	322	131	306	293	269	390	335	162	71	311	
565	540	172	552	299	398	414	410	267	451	298	434	194	397	518	463	335	170	439	
532	484	139	524	266	370	381	354	234	394	239	378	166	341	462	407	275	123	383	
556	520	163	548	290	394	405	390	258	430	275	414	190	377	498	443	301	111	419	
586	465	179	623	306	469	435	323	288	376	184	359	265	322	443	388	216	42	364	
568	532	175	560	302	406	417	402	270	442	287	426	202	389	510	455	313	123	431	
565	447	158	602	285	448	414	305	267	358	166	341	244	304	425	370	198	64	346	
538	502	145	530	272	376	387	372	240	412	257	396	172	359	480	425	293	105	401	
581	476	186	573	313	420	430	334	283	386	194	369	216	333	454	399	226	92	375	
583	559	191	533	318	379	432	429	285	469	317	452	175	416	537	482	353	189	458	
567	490	175	559	302	406	416	348	269	400	208	383	202	347	468	413	240	106	389	
546	498	153	538	281	384	395	368	248	409	229	392	180	355	476	421	261	127	397	
650	504	243	656	370	502	499	352	352	414	222	398	298	361	482	427	169	21	403	
586	539	194	578	321	425	435	397	288	449	258	433	221	396	517	462	247	57	438	
622	149	279	687	222	636	471	98	324	71	190	74	432	65	173	38	252	382	0	