n: 10
m: 50

a:[
	0 0 0 0 0 0 0 0 0 1
	1 0 0 1 0 0 0 0 0 0
	1 0 0 0 0 0 0 0 0 0
	0 0 0 0 1 1 0 0 0 0
	0 0 0 0 1 0 0 0 0 0
	0 0 0 0 0 0 0 0 0 1
	0 1 0 0 0 0 0 0 1 0
	0 0 0 0 1 0 0 1 0 0
	1 0 0 0 1 0 0 0 0 1
	0 0 0 1 0 1 0 1 0 1
	0 0 0 0 0 1 0 0 0 0
	0 0 1 0 0 0 0 0 0 0
	0 0 0 0 1 0 0 0 0 0
	0 1 0 0 0 1 0 0 0 0
	0 0 0 0 0 0 0 1 0 0
	0 0 0 0 0 1 0 0 0 0
	0 0 0 1 1 0 0 0 0 0
	0 0 0 0 0 0 1 0 0 0
	0 0 0 0 1 1 0 0 0 0
	0 1 0 0 0 0 0 1 0 0
	0 0 0 0 0 0 1 0 1 0
	0 0 0 0 0 1 0 0 0 0
	0 0 1 0 0 1 0 0 0 1
	0 0 0 0 1 0 0 1 0 0
	0 0 1 0 0 0 0 0 0 1
	0 1 0 0 0 0 0 1 0 0
	0 0 0 1 0 0 1 0 0 0
	0 0 0 0 0 1 0 0 0 0
	0 0 1 1 1 0 0 0 0 1
	0 0 0 0 0 0 0 1 0 0
	0 0 0 1 0 0 0 0 0 0
	1 0 1 0 0 0 0 0 0 1
	0 0 0 1 1 0 0 0 0 0
	1 0 0 0 1 1 0 0 0 0
	1 0 1 0 0 0 0 0 0 0
	0 0 1 0 1 0 0 1 0 0
	0 0 1 0 0 0 0 0 0 0
	0 1 0 0 0 0 1 0 0 0
	0 1 0 0 0 0 1 0 0 0
	0 0 0 0 0 0 1 0 0 0
	0 0 0 1 1 1 0 0 0 0
	0 0 0 0 1 0 0 0 0 1
	1 1 0 0 0 0 0 0 0 0
	0 0 0 0 0 0 1 0 0 0
	1 0 0 0 1 0 0 0 0 1
	0 0 1 0 0 0 0 0 0 0
	1 0 1 1 0 0 0 0 0 0
	0 1 0 0 0 1 0 0 0 0
	0 1 0 0 1 0 0 1 1 1
	0 0 0 0 0 0 0 0 0 0
]