356
22
6147
803
498
65
312
258
267
7829
224
268
155
160
51
283
90
91
106
50
96
139
91
534
158
359
202
571
68
351
172
241
116
692
203
129
718
46
137
140
119
66
121
50
57
122
16082
12957
1
76
275
249
23
278
36
49
134
129
20
11
382
398
51
216
39
392
20
12
170
161
183
116
260
81
349
84
31
21
90
115
19
157
194
162
109
32
1843
184
87
632
26
594
31
81
156
65
116
205
36
365
47
110
281
146
13
48
1146
992
645
743
13737
2385
156
184
39
20
1
227
216
14
18
227
12
9
25
68
76
35
22
11
540
36
55
44
18
58
87
13
140
14
120
12
331
75
50
44
38
2
25
61
87
16
30
81
41
19
28
29
14
49
35
6
86
10
63
7
1174
1828
215
154
430
366
137
25
194
238
223
124
291
212
4460
572
362
3123
2222
3651
857
139
79
132
146
219
504
281
185
74
101
70
87
18
15
54
27
436
89
43
39
387
29
170
33
196
256
56
31
56
14
4897
889
326
1684
208
202
15
85
581
230
47
208
41
20
1020
478
759
454
437
1807
84
115
86
96
41
157
85
143
166
66
114
70
89
41
29
22
75
175
435
130
76
120
54
123
27
29
23
30
16
88
58
55
24
46
21
20
11
455
222
84
186
23
35
147
42
138
100
129
254
114
141
87
83
59
114
47
181
97
30
33
42
31
18
15
4020
2060
1436
1855
710
63
261
176
566
477
179
59
48
341
81
34
62
124
113
478
104
88
90
176
71
185
82
26
17
6
155
46
7
42
1
124
347
102
75
40
33
100
25
126
13
117
117
240
52
20
20
27
30
19
19
16
10988

0	840	558	552	550	98	547	552	394	134	516	770	286	717	947	75	549	639	329	378	512	532	
92	785	503	497	495	182	492	497	364	226	600	716	232	722	893	65	495	585	413	323	458	477	
55	895	613	607	605	154	602	607	449	149	572	826	342	772	1003	130	605	695	385	433	568	587	
99	883	601	595	593	115	590	595	437	233	533	814	330	733	991	118	593	682	346	421	555	575	
65	831	549	543	541	163	538	543	410	199	581	762	278	769	939	111	541	631	394	370	504	523	
28	812	530	524	521	112	518	523	366	162	530	742	258	731	919	46	521	611	343	350	484	503	
35	819	537	531	529	63	526	531	373	169	481	750	266	681	927	54	529	619	294	358	492	511	
840	0	318	323	330	882	351	852	608	974	581	185	737	471	174	765	714	259	768	511	387	348	
768	90	246	251	258	810	279	780	536	902	515	275	665	405	264	693	642	210	702	439	337	276	
894	54	372	377	384	936	405	845	662	1028	635	131	791	525	120	819	707	262	822	523	389	402	
746	120	260	265	272	788	273	756	514	880	559	231	643	479	294	671	618	139	685	401	267	258	
838	203	357	362	369	880	370	815	611	972	656	110	735	576	234	763	677	199	782	460	326	355	
846	120	375	380	387	889	388	793	629	981	675	76	744	591	150	772	655	207	800	468	334	373	
856	94	334	339	346	898	367	868	624	990	597	279	753	487	268	781	730	298	784	527	425	364	
816	212	345	350	357	859	358	791	599	951	645	74	714	565	243	742	653	177	770	438	304	343	
882	42	360	365	372	925	393	894	651	1016	623	227	779	513	216	808	756	302	810	553	429	390	
844	184	373	378	385	887	386	818	627	978	672	102	741	592	216	770	680	205	798	466	332	371	
913	73	391	396	403	956	424	901	682	1047	654	222	810	544	176	839	763	333	841	584	460	421	
806	52	284	289	296	849	317	818	574	940	547	237	703	437	226	732	680	248	734	477	375	314	
856	117	384	389	396	898	397	802	639	990	684	85	753	587	147	781	664	216	810	478	344	382	
777	63	255	260	267	819	288	789	545	911	518	248	674	408	237	702	651	219	705	448	346	285	
881	112	409	414	421	923	422	827	664	1015	692	110	778	582	142	806	689	241	835	503	368	407	
836	32	314	319	326	878	347	848	604	970	577	217	733	467	206	761	710	278	764	507	405	344	
792	100	270	275	282	834	303	804	560	926	533	285	689	423	274	717	666	234	720	463	361	300	
908	68	386	391	398	950	419	920	676	1042	649	253	805	539	242	833	782	327	835	579	454	416	
850	126	365	369	377	893	377	860	619	984	664	174	748	584	252	776	722	244	790	505	371	362	
792	59	271	275	283	835	304	805	561	926	533	244	690	423	233	718	667	235	720	464	362	301	
886	82	364	369	376	929	397	898	654	1020	627	267	783	517	217	812	760	328	814	557	455	394	
820	166	334	339	346	862	347	830	588	954	633	187	717	553	299	745	692	214	759	475	341	332	
864	60	342	347	354	907	375	876	633	998	605	245	761	495	234	790	738	306	792	535	433	372	
876	78	354	359	366	918	387	888	644	1010	617	263	773	507	252	801	750	318	804	547	445	384	
732	117	210	215	222	774	243	744	500	866	482	302	629	372	291	657	606	174	669	403	301	240	
857	136	371	376	383	899	384	866	625	991	670	150	754	590	262	782	728	251	796	512	378	369	
922	83	401	405	413	965	434	855	691	1056	663	232	820	553	130	848	717	342	850	594	469	431	
760	106	274	279	286	802	287	770	528	894	573	245	657	493	280	685	632	154	699	415	281	272	
894	92	372	377	384	936	405	906	662	1028	635	277	791	525	266	819	768	336	822	565	463	402	
717	148	232	236	244	760	244	727	486	851	531	203	615	451	322	643	589	111	657	372	238	229	
883	72	390	395	402	926	423	827	666	1017	653	113	781	543	102	809	689	244	837	505	371	410	
896	118	411	416	423	939	424	892	665	1031	699	175	794	589	206	822	754	290	836	552	417	409	
878	99	392	397	404	921	405	888	646	1012	680	187	775	570	225	804	750	272	817	533	399	390	
906	72	390	395	402	948	423	916	674	1040	652	214	803	542	246	831	778	300	839	561	427	418	
924	90	408	413	420	967	441	934	693	1058	671	233	821	561	264	850	796	318	858	579	445	436	
876	37	355	359	367	919	388	889	645	1010	617	185	774	507	175	802	751	296	804	548	423	385	
834	72	312	317	324	876	345	846	602	968	575	257	731	465	246	759	708	276	762	505	403	342	
558	318	0	18	12	600	33	570	308	692	299	299	455	219	476	483	432	168	479	229	268	30	
552	323	18	0	15	594	45	564	308	686	317	304	449	237	481	477	426	173	479	223	262	30	
550	330	12	15	0	592	30	562	296	684	311	311	447	231	488	475	424	180	467	221	272	18	
561	331	75	80	87	603	88	573	329	695	374	224	458	294	401	486	435	93	500	232	220	73	
568	436	136	136	124	554	121	607	209	702	383	381	465	355	558	493	469	250	496	266	338	106	
660	249	126	143	138	702	159	672	428	794	332	401	557	222	423	585	534	270	519	331	370	156	
572	479	197	191	201	615	198	550	439	707	496	371	470	416	548	498	412	240	610	194	127	183	
633	233	147	152	159	675	160	645	401	767	446	250	530	366	407	558	507	119	572	304	246	145	
601	361	55	73	67	644	88	613	363	735	355	343	498	257	520	527	475	211	534	273	311	85	
597	330	63	80	75	640	96	609	365	731	363	338	494	283	504	523	471	207	536	268	307	93	
666	280	133	149	145	709	166	679	435	800	362	408	564	252	454	592	541	277	549	338	376	163	
702	138	180	185	192	744	213	714	470	836	479	275	599	399	312	627	576	144	641	373	271	210	
588	349	55	71	67	631	88	601	357	722	354	330	486	274	507	514	463	199	528	260	298	85	
507	478	178	178	166	550	163	591	223	642	396	423	405	397	600	433	453	292	509	250	380	148	
684	444	126	144	138	609	159	696	399	818	191	425	581	93	602	609	558	294	378	355	394	156	
576	289	90	95	102	619	103	588	345	710	390	293	473	310	463	502	450	162	516	247	286	88	
617	413	131	125	135	659	132	597	373	751	430	358	514	350	535	542	459	227	544	242	174	117	
498	379	97	91	88	541	85	511	327	632	385	324	396	316	501	424	373	193	498	170	292	70	
605	401	119	113	123	647	120	617	361	739	418	346	502	338	523	530	479	215	532	272	204	105	
481	397	113	109	101	524	98	493	285	615	386	343	378	332	520	407	355	211	499	152	287	83	
582	488	206	200	210	624	207	559	448	716	505	380	479	425	557	507	421	249	619	204	136	192	
625	385	91	108	103	668	124	637	394	759	391	367	522	311	544	551	499	235	565	296	335	121	
536	433	133	133	121	578	118	548	305	670	405	378	433	352	555	461	410	247	518	207	335	103	
668	198	182	187	194	710	195	680	436	802	481	249	565	401	372	593	542	118	607	339	245	180	
696	169	210	215	222	739	223	706	465	830	510	221	593	430	343	622	568	90	636	351	217	208	
672	462	144	162	156	573	177	714	353	806	155	443	599	195	620	627	576	312	342	373	412	174	
577	373	91	85	95	620	92	589	334	711	391	319	474	311	496	503	451	187	505	244	177	77	
606	303	72	89	84	648	105	618	374	740	371	347	503	276	477	531	480	216	545	277	316	102	
612	228	90	95	102	654	123	624	380	746	389	352	509	309	402	537	486	221	551	283	322	120	
443	479	197	191	188	485	185	527	269	577	442	424	340	416	601	368	389	293	555	186	320	170	
621	270	136	141	148	664	149	634	390	756	435	219	519	355	396	547	496	88	561	293	215	134	
454	435	153	147	145	496	142	435	362	588	442	380	351	373	557	379	297	249	554	94	228	127	
456	421	139	133	130	499	127	469	347	590	427	366	354	358	543	382	331	235	540	128	262	112	
540	337	55	59	67	583	67	553	309	674	354	276	438	274	453	466	415	145	480	212	250	52	
642	304	109	125	121	685	142	655	411	776	386	384	540	276	478	568	517	253	573	314	352	139	
686	193	200	205	212	728	213	682	454	820	499	197	583	419	367	611	544	66	625	327	193	198	
459	423	141	135	133	502	130	447	350	593	430	368	356	361	545	385	309	237	542	106	240	115	
732	107	211	215	223	775	244	745	501	866	510	292	630	422	281	658	607	175	672	404	302	241	
604	261	119	123	131	647	131	617	373	738	418	279	502	338	435	530	479	147	544	276	275	116	
612	719	419	419	407	513	404	885	304	746	175	664	620	362	841	630	773	533	282	570	621	389	
527	527	227	227	215	478	212	714	133	661	139	472	449	326	649	471	581	341	252	378	429	197	
480	487	187	187	175	522	172	564	232	614	406	432	377	406	609	405	426	301	518	223	357	157	
429	411	129	123	121	471	118	459	336	563	418	356	326	349	533	354	321	225	530	118	252	103	
643	490	172	190	184	545	205	742	325	777	127	471	627	167	648	656	604	340	314	401	440	202	
644	260	122	127	134	687	155	656	413	778	422	384	541	342	434	570	518	253	584	315	354	152	
500	542	242	242	230	451	227	687	106	634	167	487	421	353	664	444	577	356	279	393	444	212	
745	176	259	264	271	788	272	755	513	879	559	175	642	479	336	671	617	139	684	400	266	257	
510	486	204	198	208	553	205	487	446	644	503	364	407	423	541	436	349	232	617	132	120	190	
678	506	188	206	200	579	221	758	325	812	175	487	641	215	664	663	620	356	348	417	456	218	
654	186	132	137	144	696	165	666	422	788	431	323	551	351	360	579	528	192	593	325	319	162	
465	393	111	105	103	508	100	477	320	599	400	338	362	331	515	391	339	207	512	136	270	85	
415	506	224	218	216	458	213	505	297	549	470	451	312	444	628	341	367	320	583	164	298	198	
678	295	157	161	169	721	190	691	447	812	456	418	576	376	469	604	553	287	618	350	388	187	
603	363	45	63	57	645	78	615	353	737	272	344	500	174	521	528	477	213	459	274	313	75	
647	380	101	119	113	690	134	659	409	781	321	388	544	211	554	573	521	257	508	318	357	131	
672	168	150	155	162	714	183	684	440	806	449	305	569	369	342	597	546	174	611	343	301	180	
678	175	157	161	169	721	190	691	447	812	456	312	576	376	349	604	553	181	618	350	308	187	
435	442	160	154	152	478	149	490	306	569	448	387	332	379	564	361	352	256	561	149	283	134	
626	422	140	134	144	668	141	634	382	760	439	367	523	359	544	551	496	236	553	279	211	126	
681	214	160	165	172	724	193	694	450	816	459	351	579	379	388	607	556	220	621	353	347	190	
98	882	600	594	592	0	589	594	345	232	418	813	329	618	990	117	592	682	231	421	555	574	
174	933	640	640	628	75	625	645	332	308	427	864	380	628	1041	192	643	733	240	472	606	610	
207	864	564	564	552	109	549	703	256	342	401	809	438	602	986	226	701	678	214	530	664	534	
224	827	527	527	515	126	512	720	219	359	386	772	455	586	949	243	718	641	199	547	681	497	
547	351	33	45	30	589	0	559	293	681	332	312	444	252	489	472	421	181	464	218	269	15	
552	852	570	564	562	594	559	0	581	686	833	717	265	789	725	477	138	616	825	355	489	544	
537	820	538	532	530	579	527	88	566	671	818	685	250	757	693	462	106	584	810	323	457	512	
588	768	486	480	478	631	475	84	581	722	774	633	302	705	641	514	54	532	862	271	405	460	
463	894	612	606	603	505	600	89	492	597	744	758	177	831	766	388	180	658	736	397	531	585	
564	847	565	559	557	607	554	115	594	698	845	712	278	785	720	490	133	612	838	350	485	539	
617	870	588	582	579	659	576	65	646	751	876	729	331	807	737	542	156	634	890	373	507	561	
636	937	655	649	647	679	644	85	666	771	917	793	350	874	801	562	223	701	910	440	574	629	
500	931	649	643	640	542	637	79	529	634	781	795	213	868	803	425	217	695	773	434	568	622	
588	888	606	600	598	630	595	36	617	722	869	753	301	825	761	513	174	652	861	391	525	580	
588	792	510	504	502	631	499	84	605	722	798	657	302	729	665	514	78	556	862	295	429	484	
576	876	594	588	586	618	583	24	605	710	857	741	289	813	749	501	162	640	849	379	513	568	
621	921	639	633	631	663	628	69	650	755	902	786	335	859	794	546	207	686	894	424	558	613	
583	811	529	523	520	625	517	79	612	717	817	675	297	748	683	508	97	575	856	314	448	502	
583	811	529	523	520	625	517	79	612	717	817	675	297	748	683	508	97	575	856	314	448	502	
622	860	578	572	570	665	567	71	652	756	867	719	336	798	727	548	146	625	896	363	498	552	
648	948	666	660	658	690	655	96	677	782	929	768	362	885	776	573	234	712	921	451	585	640	
649	949	667	661	659	691	656	97	678	783	930	814	362	886	822	574	235	713	922	452	586	641	
537	960	678	672	669	579	666	108	566	671	818	824	250	897	832	462	246	724	810	463	597	651	
505	899	617	611	608	548	605	47	534	639	786	764	219	836	771	431	185	663	779	402	536	590	
644	823	541	535	533	686	530	108	637	778	830	682	357	761	690	569	109	588	917	326	461	515	
509	912	630	624	622	551	619	135	538	643	790	777	223	849	785	434	198	676	782	415	549	604	
613	913	631	625	623	655	620	61	642	747	893	778	326	850	786	538	199	677	886	416	550	605	
437	887	605	599	597	479	594	134	466	571	718	803	150	825	811	362	224	687	710	426	560	579	
481	875	593	587	585	524	582	107	511	615	762	740	195	812	748	407	161	639	755	378	512	567	
528	904	622	616	614	570	611	52	557	662	809	769	242	841	777	453	190	668	801	407	541	596	
580	880	598	592	590	622	587	28	609	714	861	745	294	818	753	505	166	645	853	383	517	572	
631	931	649	643	641	674	638	79	660	765	912	796	345	869	804	557	217	696	905	434	569	623	
675	922	688	682	680	718	677	124	705	810	956	740	389	907	748	601	256	725	949	473	598	662	
627	928	646	640	638	670	635	76	657	762	908	793	341	865	801	553	214	692	901	431	565	620	
601	950	668	662	660	644	657	98	631	735	882	815	315	888	823	527	236	715	875	453	588	642	
638	987	705	699	697	681	694	135	667	772	919	852	352	925	860	564	273	752	912	490	624	679	
610	960	678	672	669	653	666	108	640	745	891	824	324	897	832	536	246	724	884	463	597	651	
396	846	564	558	556	438	553	156	425	530	677	777	109	784	802	321	215	646	669	385	519	538	
481	912	630	624	622	524	619	98	511	615	762	777	195	849	785	407	198	676	755	415	549	604	
518	949	667	661	659	561	656	98	547	652	799	814	232	886	822	444	235	713	792	452	586	641	
574	923	641	635	632	616	629	71	603	708	854	788	287	860	795	499	209	687	847	426	560	614	
555	801	519	513	511	598	508	69	584	689	808	666	269	739	674	481	87	566	829	304	438	493	
537	940	658	652	650	579	647	163	566	671	818	805	250	877	813	462	226	704	810	443	577	632	
585	886	604	598	596	628	593	34	615	720	866	751	299	823	759	511	172	650	859	389	523	578	
676	950	694	688	686	719	683	124	705	810	957	768	390	914	776	602	262	741	950	479	614	668	
409	860	578	572	570	452	567	191	438	543	690	790	123	797	816	335	229	659	683	398	532	552	
627	928	646	640	637	670	634	76	657	761	908	792	341	865	800	553	214	692	901	431	565	619	
636	936	654	648	646	678	643	84	665	770	917	801	349	873	809	561	222	700	909	439	573	628	
658	958	676	670	668	700	665	106	687	792	939	786	371	895	794	583	244	722	931	461	595	650	
585	819	537	531	529	627	526	33	614	719	825	684	298	756	692	510	105	583	858	322	456	511	
622	922	640	634	632	664	629	70	651	756	903	787	336	859	795	547	208	686	895	425	559	614	
564	792	510	504	502	607	499	60	594	698	798	657	278	729	665	490	78	556	838	295	429	484	
633	933	651	645	643	675	640	81	662	767	914	798	347	871	806	558	219	698	906	436	570	625	
637	937	655	649	647	679	644	85	666	771	918	802	350	874	810	562	223	701	910	440	574	629	
583	932	650	644	642	625	639	80	612	717	864	797	297	869	805	508	218	696	856	435	569	624	
640	941	659	653	650	683	647	89	670	774	921	806	354	878	813	566	227	705	914	444	578	632	
625	925	643	637	635	667	632	73	654	759	906	790	338	862	798	550	211	689	898	428	562	617	
585	874	592	586	584	628	581	34	615	720	866	739	299	811	747	511	160	638	859	377	511	566	
416	866	584	578	576	458	573	155	445	550	696	797	129	804	822	341	235	666	689	405	539	558	
670	970	688	682	680	712	677	118	699	804	951	835	384	907	843	595	256	734	943	473	607	662	
394	608	308	308	296	345	293	581	0	528	252	553	316	438	730	338	527	422	364	356	490	278	
443	635	334	334	322	394	319	630	49	577	202	580	365	389	757	387	577	449	315	405	536	304	
249	676	394	388	385	291	382	412	169	383	421	606	146	608	783	174	385	475	522	214	348	367	
347	678	392	390	380	389	377	510	140	481	356	608	244	543	785	272	387	477	469	216	350	362	
443	559	259	259	247	394	244	630	49	577	223	504	365	410	681	387	520	373	336	349	461	229	
284	711	429	423	421	327	418	447	134	418	386	641	181	572	819	210	421	510	499	249	383	403	
479	615	315	315	303	450	300	642	105	613	279	560	377	465	737	405	520	429	392	348	482	285	
392	709	408	408	396	434	393	554	101	526	352	654	289	539	831	317	528	523	465	357	491	378	
448	591	290	290	278	426	275	611	81	582	255	536	345	441	713	374	489	405	368	317	451	260	
298	704	404	404	392	311	389	669	96	432	348	649	404	534	826	242	623	518	423	452	586	374	
355	672	372	372	360	397	357	517	64	489	315	617	252	502	794	280	491	486	428	320	454	342	
452	587	287	287	275	423	272	614	78	586	251	532	349	438	709	377	492	401	364	321	455	257	
274	728	428	428	416	287	413	645	120	408	372	673	380	558	850	218	643	542	447	472	606	398	
377	661	361	361	349	292	346	634	53	511	305	606	369	491	783	321	580	475	365	409	543	331	
134	974	692	686	684	232	681	686	528	0	650	904	420	851	1081	209	684	773	463	512	646	666	
81	921	639	633	631	180	628	633	475	53	597	851	367	798	1029	156	631	720	411	459	593	613	
216	1056	774	768	766	315	763	768	610	82	732	987	503	933	1164	291	766	855	546	594	728	748	
516	581	299	317	311	418	332	833	252	650	0	598	567	201	755	535	720	467	187	518	567	329	
580	517	266	284	278	481	299	836	301	714	64	565	617	137	691	598	698	434	250	495	534	296	
474	641	341	341	329	375	326	807	226	608	60	586	542	261	763	492	695	455	144	492	543	311	
770	185	299	304	311	813	312	717	553	904	598	0	668	518	177	696	579	131	724	392	258	297	
812	159	341	346	353	855	354	759	595	946	640	42	709	560	135	738	621	173	766	434	300	339	
840	187	369	373	381	882	381	786	623	974	668	70	737	588	108	765	648	201	794	462	328	366	
784	171	313	318	325	827	326	731	567	919	613	14	682	532	163	710	593	145	738	406	272	311	
840	226	369	373	381	882	381	786	623	974	668	70	737	588	218	765	648	201	794	462	328	366	
743	259	271	276	283	785	284	720	526	877	571	74	640	491	251	668	582	103	697	365	230	269	
706	250	235	239	247	748	247	683	489	840	534	65	603	454	242	631	545	67	660	328	194	232	
810	311	338	343	350	852	351	702	593	944	638	126	707	558	162	735	564	170	764	432	298	336	
829	145	358	363	370	871	371	776	612	963	657	59	726	577	168	754	638	190	783	451	317	356	
783	299	312	317	324	826	325	603	566	917	611	114	681	531	205	709	465	144	737	405	271	310	
794	253	323	328	335	836	336	686	577	928	622	68	691	542	245	719	548	155	748	416	282	321	
747	243	276	281	288	790	289	705	530	881	575	58	645	495	235	673	567	108	701	369	235	274	
769	285	298	303	310	812	311	617	552	904	598	100	667	517	219	695	479	130	723	391	257	296	
687	268	216	221	228	730	229	664	470	821	515	83	585	435	260	613	526	48	641	309	175	214	
719	237	247	252	259	761	260	696	502	853	547	52	616	467	229	644	558	79	673	341	206	245	
847	299	375	380	387	889	388	729	630	981	675	163	744	595	125	772	591	207	801	469	334	373	
826	230	355	359	367	868	367	772	609	960	654	55	723	574	232	751	634	187	780	448	314	352	
286	737	455	449	447	329	444	265	316	420	567	668	0	674	845	212	275	537	560	275	409	429	
288	607	325	319	317	331	314	399	266	422	482	538	173	544	715	214	261	406	562	145	279	299	
334	653	371	365	363	377	360	353	312	468	528	584	127	590	761	260	215	453	608	191	326	345	
325	776	494	488	486	368	483	227	354	459	606	706	39	713	823	251	237	575	599	314	448	468	
315	765	483	477	475	357	472	237	344	449	595	696	28	703	834	240	247	565	588	304	438	457	
253	703	421	415	413	295	410	373	282	387	534	634	108	641	811	178	383	503	526	242	376	395	
360	811	529	523	521	403	518	191	390	495	641	742	74	748	788	286	201	611	634	349	484	503	
334	653	371	365	363	377	360	390	312	468	528	584	164	590	761	260	252	453	608	191	326	345	
367	699	417	411	409	410	406	332	358	501	574	630	81	637	792	293	205	499	641	238	372	391	
216	666	384	378	376	258	373	336	245	350	497	597	71	604	774	141	346	466	489	205	339	358	
413	862	580	574	572	456	569	223	443	547	694	727	127	800	735	339	148	627	687	365	499	554	
413	864	582	576	573	455	570	194	442	547	694	794	127	801	819	338	232	663	686	402	536	555	
293	744	462	456	454	336	451	258	323	427	574	675	7	681	852	219	268	544	567	282	417	436	
246	649	367	361	359	289	356	409	252	380	503	580	144	586	757	172	359	448	520	187	321	341	
717	471	219	237	231	618	252	789	438	851	201	518	674	0	645	703	651	387	387	448	487	249	
672	426	174	192	186	573	207	744	393	806	155	473	629	45	600	657	606	342	342	403	442	204	
813	572	321	339	333	714	354	891	540	947	302	620	776	102	746	804	753	489	483	550	589	351	
947	174	476	481	488	990	489	725	730	1081	755	177	845	645	0	873	587	308	901	569	435	474	
925	114	432	437	444	968	465	785	708	1059	695	155	823	585	60	851	647	286	879	547	413	452	
889	160	418	422	430	931	430	783	672	1023	717	118	786	631	59	814	645	250	843	511	377	415	
975	201	503	508	515	1017	516	752	758	1109	782	204	872	672	39	900	614	335	929	597	462	501	
953	142	460	465	472	995	493	783	736	1087	723	183	850	612	58	878	645	314	907	575	441	480	
957	260	486	491	498	1000	499	711	740	1091	785	263	848	705	86	883	573	318	911	579	445	484	
941	200	470	475	482	984	483	823	724	1075	769	171	839	671	98	867	685	302	895	563	429	468	
969	196	498	503	510	1012	511	759	752	1103	777	199	866	666	34	895	621	330	923	591	457	496	
911	234	440	445	452	954	453	665	694	1045	739	228	802	659	60	837	527	272	865	533	399	438	
962	151	469	474	481	1005	502	792	745	1096	732	192	859	622	67	888	654	323	916	584	450	489	
874	271	403	408	415	917	416	702	657	1008	702	191	772	622	97	800	564	235	828	496	362	401	
75	765	483	477	475	117	472	477	338	209	535	696	212	703	873	0	475	565	348	304	438	457	
111	729	447	441	439	153	436	441	308	245	559	660	176	667	837	36	439	529	384	268	402	421	
118	764	482	476	474	156	471	476	289	252	541	695	211	701	872	48	474	564	387	302	436	456	
81	796	514	508	506	119	503	508	313	215	537	726	242	733	903	31	505	595	350	334	468	488	
124	743	461	455	453	167	450	455	310	258	562	674	190	680	851	50	453	543	398	281	416	435	
549	714	432	426	424	592	421	138	527	684	720	579	275	651	587	475	0	478	823	217	351	406	
656	655	538	532	530	698	527	244	633	790	827	473	381	757	481	581	106	424	929	323	297	512	
610	707	493	487	484	652	481	199	588	744	781	525	336	712	533	535	61	476	883	278	349	466	
563	706	424	418	416	605	413	235	541	697	712	601	299	643	684	488	97	470	825	209	343	398	
485	618	336	330	328	528	325	234	463	619	624	513	262	555	683	411	96	382	737	121	255	310	
624	686	507	501	499	667	496	213	602	759	795	504	350	726	512	550	75	455	898	292	328	481	
737	595	505	499	509	780	506	326	715	871	804	413	463	724	421	663	188	364	918	365	237	491	
678	842	560	554	552	720	549	163	656	812	849	701	403	779	709	603	128	606	951	345	479	534	
591	719	474	468	466	634	463	180	569	726	762	537	317	693	545	517	42	488	865	259	361	448	
699	628	537	531	541	742	538	288	677	833	837	446	425	757	454	625	150	397	951	367	270	523	
535	700	418	412	410	578	407	208	513	669	706	595	272	637	657	461	70	464	809	203	337	392	
639	742	522	516	514	682	511	228	617	773	810	560	365	741	568	565	90	510	913	307	383	496	
739	760	622	616	614	782	611	318	717	873	910	578	465	841	586	665	190	529	1013	407	402	596	
418	725	443	437	435	461	432	269	396	552	612	620	155	662	718	344	131	489	692	228	362	417	
574	739	457	451	448	616	445	163	552	708	745	603	300	676	611	499	25	503	847	242	376	430	
738	591	500	494	504	781	501	364	716	872	800	409	501	720	417	664	226	360	914	360	232	486	
590	755	473	467	465	633	462	179	568	725	761	604	316	692	612	516	41	519	864	258	392	447	
525	690	408	402	400	568	397	162	503	660	696	585	262	627	611	451	24	454	799	193	327	382	
720	572	482	476	486	762	483	345	698	854	781	390	482	701	398	645	207	341	895	342	214	468	
612	765	494	488	486	654	483	200	589	746	783	583	337	713	591	537	62	534	885	279	407	468	
573	738	456	450	448	616	445	114	551	708	744	603	299	675	611	499	24	502	847	241	375	430	
591	724	442	436	434	634	431	272	569	725	731	620	336	661	721	517	134	488	843	227	361	416	
474	670	388	382	380	516	377	214	452	608	668	565	210	607	663	399	76	434	747	173	307	362	
620	785	503	497	494	663	491	161	598	754	791	629	346	722	637	546	71	549	894	288	422	476	
677	634	543	537	547	719	544	265	655	811	843	452	403	762	460	602	127	402	950	344	275	529	
603	736	454	448	446	646	443	284	581	737	743	632	348	673	733	529	146	500	855	239	373	428	
753	621	531	525	535	795	532	341	731	887	830	439	479	750	447	678	203	390	944	390	263	517	
673	686	556	550	547	715	544	262	651	807	844	504	399	775	512	598	124	455	946	341	328	529	
693	714	576	570	567	736	564	272	671	827	864	532	419	795	540	619	144	483	967	361	356	549	
602	766	484	478	476	644	473	190	580	736	773	631	327	703	639	527	52	530	875	269	403	458	
564	728	446	440	438	606	435	152	541	698	735	593	289	665	601	489	14	492	837	231	365	420	
547	728	446	440	438	590	435	152	541	682	735	593	261	665	601	473	14	492	821	231	365	420	
549	714	432	426	424	592	421	162	527	684	720	603	286	651	611	475	24	478	823	217	351	406	
583	748	466	460	458	626	455	172	561	717	754	611	309	685	619	509	34	512	857	251	385	440	
597	762	480	474	472	640	469	138	575	732	768	627	323	699	635	523	48	526	871	265	399	454	
609	774	492	486	484	652	481	150	587	744	780	639	335	711	647	535	60	538	883	277	411	466	
597	762	480	474	472	640	469	138	575	732	768	627	323	699	635	523	48	526	871	265	399	454	
503	637	355	349	346	546	343	253	481	638	643	532	280	574	701	429	115	401	756	140	274	328	
639	259	168	173	180	682	181	616	422	773	467	131	537	387	308	565	478	0	593	261	127	166	
685	306	214	219	226	728	227	662	468	819	513	144	583	433	321	611	524	46	639	307	173	212	
630	271	144	149	156	672	157	640	398	764	443	155	527	363	332	555	502	24	569	285	151	142	
677	361	362	367	374	719	375	635	617	811	662	176	574	582	322	602	497	194	788	299	165	360	
599	318	227	231	239	642	239	576	481	733	526	183	496	446	360	525	438	59	652	221	87	224	
667	464	182	176	185	710	182	676	424	801	481	409	565	401	586	593	538	278	595	320	253	167	
717	379	313	317	325	760	325	694	567	851	612	194	614	532	345	643	556	145	738	339	205	310	
663	283	192	197	204	706	205	640	446	797	491	107	561	411	284	589	502	24	617	285	151	190	
713	301	242	247	254	756	255	690	496	847	541	116	610	461	293	639	552	74	667	335	201	240	
773	213	292	297	304	816	305	750	546	907	591	139	670	511	299	699	612	134	717	395	261	290	
737	277	266	271	278	780	279	714	520	871	565	92	634	485	269	663	576	98	691	359	225	264	
713	273	232	237	244	756	245	690	486	847	531	140	610	451	317	639	552	74	657	335	201	230	
643	323	257	261	269	685	269	620	511	777	556	139	540	476	316	568	482	89	682	265	131	254	
684	214	201	206	213	727	214	661	455	818	500	176	582	420	353	610	523	45	626	306	172	199	
676	239	195	200	207	719	208	653	449	810	495	168	573	415	345	602	515	37	620	298	164	193	
606	299	208	212	220	649	220	583	462	740	507	171	503	427	348	532	445	40	633	228	94	205	
623	323	232	236	244	666	244	600	486	757	531	159	520	451	336	549	462	64	657	245	111	229	
652	306	187	191	199	694	199	629	441	786	486	177	549	406	354	577	491	46	612	274	140	184	
691	311	220	225	232	733	233	668	474	825	519	135	588	439	312	616	530	52	645	313	179	218	
746	292	293	298	305	788	306	668	547	880	592	107	643	512	253	671	530	125	718	368	234	291	
675	337	271	275	283	718	283	652	525	809	570	152	572	490	329	601	514	103	696	297	163	268	
599	318	227	231	239	642	239	576	481	733	526	190	496	446	367	525	438	59	652	221	87	224	
636	302	151	155	163	679	163	649	405	770	450	186	534	370	363	562	511	55	576	308	176	148	
647	311	220	225	232	690	233	624	474	781	519	135	544	439	312	573	486	52	645	269	135	218	
667	287	196	201	208	709	209	644	450	801	495	159	564	415	336	592	506	28	621	289	155	194	
569	330	239	243	251	611	251	546	493	703	538	202	466	458	379	494	408	71	664	191	57	236	
583	344	253	258	265	625	266	560	507	717	552	216	480	472	393	508	422	85	678	205	71	251	
329	768	479	479	467	231	464	825	364	463	187	724	560	387	901	348	823	593	0	630	681	449	
299	798	509	509	497	201	494	795	388	433	217	754	530	417	931	318	793	623	30	622	711	479	
229	896	597	597	585	131	582	725	289	364	315	843	460	516	1020	248	723	712	128	552	686	567	
269	828	539	539	527	171	524	765	358	403	247	784	500	447	961	288	763	653	60	592	726	509	
375	778	489	489	477	277	474	871	375	510	197	734	606	398	911	394	843	603	46	640	691	459	
393	831	543	543	531	295	528	889	428	527	250	788	623	451	965	412	887	657	64	694	745	513	
379	817	528	528	516	280	513	875	414	513	236	774	609	437	951	397	872	643	49	680	731	498	
383	714	425	425	413	285	410	879	310	517	133	670	614	333	847	402	779	539	54	576	627	395	
346	751	462	462	450	248	447	842	348	480	170	708	577	371	885	365	816	576	17	613	664	432	
378	511	229	223	221	421	218	355	356	512	518	392	275	448	569	304	217	261	630	0	134	203	
404	537	255	249	247	447	244	333	382	538	544	433	302	475	610	330	195	302	656	40	174	229	
339	525	243	237	235	381	232	411	316	473	532	462	236	463	639	264	273	331	612	70	204	217	
300	540	258	252	250	342	247	420	277	434	493	471	197	478	648	225	282	340	573	79	213	232	
427	444	162	156	154	469	151	408	371	561	450	389	324	381	566	352	270	258	563	67	201	136	
420	553	271	265	263	462	260	372	398	554	559	448	317	490	625	345	234	317	672	56	190	245	
332	543	261	255	253	375	250	387	310	466	526	438	229	480	615	258	249	307	606	46	180	235	
413	546	264	258	255	455	252	318	390	547	552	441	310	483	618	338	180	310	665	49	183	237	
419	553	271	265	262	462	259	337	397	554	559	448	317	490	625	345	199	317	672	56	190	244	
425	462	180	174	171	467	168	402	388	559	468	407	322	399	584	350	264	276	581	61	195	153	
363	477	195	189	187	405	184	453	340	497	484	422	260	415	599	288	315	291	596	112	246	169	
395	480	198	192	190	438	187	372	373	529	486	423	292	417	600	321	234	292	599	31	165	172	
484	617	335	329	326	526	323	347	462	618	623	512	374	554	689	409	209	381	736	120	254	308	
507	640	358	352	350	550	347	304	485	641	647	536	332	577	713	433	166	404	759	143	277	332	
428	561	279	273	271	471	268	291	406	562	568	457	319	499	634	354	153	326	680	64	198	253	
450	521	239	233	231	493	228	427	428	584	528	397	347	458	574	376	289	265	640	72	138	213	
390	505	223	217	215	433	212	480	368	524	511	450	288	442	627	316	342	319	624	139	273	197	
364	512	230	224	222	406	219	383	342	498	519	434	261	450	611	289	245	303	632	42	176	204	
418	503	221	215	213	461	210	395	396	552	510	442	315	440	619	344	257	311	622	50	184	195	
414	517	235	229	227	457	224	391	392	548	523	428	311	454	605	340	253	297	636	36	170	209	
487	521	239	233	231	530	228	464	448	621	528	433	384	458	611	413	326	302	640	109	175	213	
351	489	207	201	199	393	196	441	328	485	496	434	248	427	611	276	303	303	608	100	234	181	
404	467	185	179	177	446	174	431	382	538	474	412	301	404	589	329	293	281	586	90	224	159	
469	503	221	215	212	511	209	446	429	603	509	415	366	440	592	394	308	284	622	91	157	194	
369	496	214	208	206	412	203	459	343	503	502	441	266	433	618	295	321	310	615	118	252	188	
443	577	295	289	286	486	283	361	421	578	583	472	341	514	649	369	223	341	696	80	214	268	
512	387	268	262	272	555	269	489	490	646	567	258	409	487	435	438	351	127	681	134	0	254	
626	507	388	382	392	668	389	421	604	760	687	378	523	607	389	551	283	247	801	248	120	374	
547	408	233	227	236	590	233	525	475	682	532	279	445	452	456	473	387	148	646	169	35	218	
562	422	219	213	222	604	219	539	461	696	518	293	459	438	471	487	401	162	632	184	49	204	
562	443	324	318	328	605	325	484	540	696	624	315	459	544	453	488	346	184	738	184	57	310	
553	471	352	346	356	595	353	512	531	687	651	342	450	571	480	478	374	211	765	175	84	338	
667	407	409	413	421	710	421	618	645	802	708	222	565	628	316	593	480	241	834	289	155	406	
498	452	333	327	337	540	334	475	475	632	632	323	395	552	500	423	337	192	746	120	65	319	
584	453	340	334	344	627	341	542	562	719	639	268	482	559	399	510	404	199	753	206	72	326	
510	482	251	245	254	553	251	487	488	644	550	354	407	470	531	436	349	223	664	132	110	236	
470	429	310	304	313	512	310	447	448	604	609	301	367	530	478	395	309	169	722	92	42	295	
631	407	386	380	390	673	387	588	608	765	686	222	528	606	353	556	450	241	799	253	118	372	
559	377	285	290	297	601	298	536	537	693	585	223	456	505	400	484	398	117	711	181	47	283	
506	465	299	293	291	548	288	483	484	640	588	337	403	518	514	431	345	205	700	128	78	273	
544	461	343	337	347	586	344	503	522	678	642	333	441	562	471	469	365	202	756	166	75	329	
529	464	232	226	236	571	233	506	474	663	531	335	426	451	512	454	368	204	645	151	91	218	
551	454	335	329	339	594	336	495	529	685	635	326	448	555	464	477	357	195	749	173	68	321	
521	475	356	350	360	563	357	498	499	655	655	346	418	575	494	446	360	215	769	143	88	342	
484	415	296	290	300	526	297	461	462	618	595	286	381	515	463	409	323	155	709	106	28	282	
554	468	293	287	296	596	293	531	532	688	592	339	451	512	516	479	393	208	706	176	95	278	
531	405	286	280	290	573	287	508	509	665	586	277	428	506	454	456	370	146	700	153	19	272	
532	348	30	30	18	574	15	544	278	666	329	297	429	249	474	457	406	166	449	203	254	0	