edges:
(1, 2)
(1, 7)
(1, 14)
(1, 15)
(1, 39)
(1, 47)
(2, 23)
(3, 30)
(4, 29)
(5, 48)
(6, 13)
(7, 24)
(8, 44)
(9, 27)
(10, 11)
(11, 34)
(12, 50)
(13, 1)
(14, 20)
(15, 26)
(16, 43)
(17, 51)
(18, 46)
(19, 1)
(20, 41)
(21, 36)
(22, 17)
(23, 3)
(24, 25)
(25, 8)
(26, 19)
(27, 32)
(28, 9)
(29, 1)
(30, 21)
(31, 35)
(32, 33)
(33, 1)
(34, 40)
(35, 22)
(36, 37)
(37, 4)
(38, 16)
(39, 10)
(40, 31)
(41, 42)
(42, 5)
(43, 45)
(44, 49)
(45, 18)
(46, 6)
(47, 12)
(48, 1)
(49, 28)
(50, 38)
(51, 1)
vehicles: 6
distance: 684
